# Colour palettes for CHEEDR

# LTU colours palette for charting
LTU.Palette <- c("#999999", "#990000","#CC3300","#660000","#CC0000", "#FF6600", "#CC0033", "#990033", "#330033")

# Create colour-blind palette for charting
cbPalette <- c("#999999", "#E69F00", "#56B4E9", "#009E73", "#F0E442", "#0072B2", "#D55E00", "#CC79A7")
